x_1 = 0.6193283732926377
x_2 = 0.5510761129533819
x_3 = 0.7466841405594595
x_4 = 0.42206852207629675
x_5 = 0.16722205882832242
x_6 = 0.5283262677056603
x_7 = 0.061665515533201154
x_8 = 0.7123013540541758
x_9 = 0.20777151208371786
x_10 = 0.07951361744334089
x_11 = 0.49025036938776434
x_12 = 0.6953648676176157
x_13 = 0.9109438913353045
x_14 = 0.386458053793846
x_15 = 0.3470223485427544
x_16 = 0.1304484022786721
x_17 = 0.20071122377223416
x_18 = 0.028224257396315497
x_19 = 0.882076895226357
x_20 = 0.36242592593395123
x_21 = 0.7225383224126065
x_22 = 0.9254450879606511
x_23 = 0.09393242771682608
x_24 = 0.7553487649408062
x_25 = 0.4036983109719439
x_26 = 0.45866504494212224
x_27 = 0.5303212832502574
x_28 = 0.6765977681335373
x_29 = 0.6248549191790809
x_30 = 0.6090988353570298
x_31 = 0.6501999875415665
x_32 = 0.7390026884201512
x_33 = 0.11339395773845773
x_34 = 0.8096687030536835
x_35 = 0.6647186164211512
x_36 = 0.23518088089814793
x_37 = 0.6717193552668967
x_38 = 0.6477187583511643
x_39 = 0.10015856739648188
x_40 = 0.42281383959021523
x_41 = 0.6812945276693299
x_42 = 0.38270791654685316
x_43 = 0.2721604905536239
x_44 = 0.13775798733931766
x_45 = 0.4258934022213771
x_46 = 0.5461774090266069
x_47 = 0.00838755568146532
x_48 = 0.05664621268835368
x_49 = 0.20522668580989956
x_50 = 0.4559275512004951
x_51 = 0.8725135800292038
x_52 = 0.6836576255803133
x_53 = 0.8042111529642856
x_54 = 0.7545753758758824
x_55 = 0.19007364591012108
x_56 = 0.1915955921550041
x_57 = 0.6174110513121677
x_58 = 0.7603094792981177
x_59 = 0.043015432218770355
x_60 = 0.03294807120402876
x_61 = 0.14503432329324817
x_62 = 0.13659182300441364
x_63 = 0.2152589563717499
x_64 = 0.8896061662642448
x_65 = 0.8676519852930692
x_66 = 0.49302081420240795
x_67 = 0.07119766303145614
x_68 = 0.9077094545981067
x_69 = 0.38007370923072686
x_70 = 0.5014450138591963
x_71 = 0.1299215416009265
x_72 = 0.3765749620249783
x_73 = 0.4392970907143198
x_74 = 0.3233957104206674
x_75 = 0.05575725403266696
x_76 = 0.25140871826589717
x_77 = 0.6779353392142902
x_78 = 0.9833794333238144
x_79 = 0.83037257416595
x_80 = 0.07659755286082642
x_81 = 0.5118665079452301
x_82 = 0.7163957702402819
x_83 = 0.4256926064780015
x_84 = 0.25963353209573636
x_85 = 0.4432875165967892
x_86 = 0.8623455490196552
x_87 = 0.3850115850466409
x_88 = 0.33959486937276395
x_89 = 0.8514809657838265
x_90 = 0.6111400866423657
x_91 = 0.5733328976232621
x_92 = 0.8383673220211776
x_93 = 0.7157509293190962
x_94 = 0.05549167686056635
x_95 = 0.014958501854462458
x_96 = 0.7567063310157724
x_97 = 0.3141236192902068
x_98 = 0.7701533123439375
x_99 = 0.7572804633754409
x_100 = 0.6671952291186334
count = 338250
