x_1 = 17.323820025078295
x_2 = 4.995742999327897
x_3 = 257.7539289654216
x_4 = -109.13291756796588
x_5 = -1.4346415274121114
x_6 = -98.12288048369538
x_7 = 5.815693014966012
x_8 = -0.06823629639627915
x_9 = -0.49261102288432707
x_10 = 0.48981485006508324
x_11 = 0.7725915482809518
x_12 = 0.5701340610991302
x_13 = -0.6374597459589537
x_14 = 0.496225810996841
x_15 = 0.2958023464691753
x_16 = -0.18195522948948462
x_17 = 0.48534312396409496
x_18 = 0.6290299041959253
x_19 = 0.21678005343010953
x_20 = -1.2311698564813613
x_21 = -1.7976856557972154
x_22 = 2.2373319116740946
x_23 = 0.0865169072897356
x_24 = 0.9429533658196858
x_25 = -0.8537955236675185
x_26 = -0.05729409422017462
x_27 = -3.085305167775017
x_28 = 0.49492393442822147
x_29 = -0.4744799734560635
x_30 = 1.4777948070668245
x_31 = 0.3357034883355312
x_32 = -2.2954238090856482
x_33 = -0.03258102073106628
x_34 = -0.5505528806201015
x_35 = -0.06282577585646765
x_36 = 0.7854808474585488
x_37 = 0.7028157074329952
x_38 = 2.2279688318286213
x_39 = 2.4833039891743063
x_40 = -0.10650263213356947
x_41 = -0.4600992152835449
x_42 = -70.45081883488719
x_43 = 1.0259119762300397
x_44 = -0.8888642564496045
x_45 = -0.7767244900668622
x_46 = -0.162250802863109
x_47 = -0.3247183821921238
x_48 = -0.3464544331066875
x_49 = -0.08901903784394438
x_50 = 0.002642608621801077
x_51 = -0.09703140427232372
x_52 = -0.04378824266364448
x_53 = 0.2471579014719783
x_54 = 0.5041307181933531
x_55 = 0.043368233526672906
x_56 = -0.6104808711464783
x_57 = -5.13433860186465
x_58 = -1.0592371975196437
x_59 = 0.1309142234724326
x_60 = 1.0306669124120396
x_61 = 0.9435580498574889
x_62 = -1.0235677411340947
x_63 = -0.8425370235510923
x_64 = -0.8844863158486146
x_65 = -9.284729228861334
x_66 = 0.110443684233001
x_67 = 0.1656072665070501
x_68 = -1.5320547557180304
x_69 = -0.8509367284250946
x_70 = 7.546108251797027
x_71 = 0.6345408572859035
x_72 = -2.2555745220410026
x_73 = 1.244223904572208
x_74 = -0.8870468427469496
x_75 = -1.961658326573454
x_76 = -4.799872688316926
x_77 = 0.0019993102169888477
x_78 = -0.03561810720150082
x_79 = 1.4528543305333366
x_80 = -10.79970356464444
x_81 = 1.4399848204017758
x_82 = -5.65640246058965
x_83 = -5.472119196588961
x_84 = 17.87981770855269
x_85 = -1.0475738986470873
x_86 = 11.157784324240517
x_87 = -17.237331473150427
x_88 = -0.38332100508668354
x_89 = -3.7922447087211055
x_90 = 2.751933344809187
x_91 = -5.060266157946004
x_92 = -3.622770344756259
x_93 = 0.6037443453327805
x_94 = 56.873310917186444
x_95 = 0.6365018569377625
x_96 = 0.4294447805938125
x_97 = -0.8031859081369817
x_98 = -0.5664799223779374
x_99 = -3.0991169968077745
x_100 = 2.1966102560967435
count = 499950
